     Month   Interest  Remaining  Principal
         1    2083.33    1516.67  498483.33
         2    2077.01    1522.99  496960.35
         3    2070.67    1529.33  495431.02
         4    2064.30    1535.70  493895.31
         5    2057.90    1542.10  492353.21
         6    2051.47    1548.53  490804.68
         7    2045.02    1554.98  489249.70
         8    2038.54    1561.46  487688.24
         9    2032.03    1567.97  486120.27
        10    2025.50    1574.50  484545.78
        11    2018.94    1581.06  482964.72
        12    2012.35    1587.65  481377.07
        13    2005.74    1594.26  479782.81
        14    1999.10    1600.90  478181.90
        15    1992.42    1607.58  476574.33
        16    1985.73    1614.27  474960.05
        17    1979.00    1621.00  473339.05
        18    1972.25    1627.75  471711.30
        19    1965.46    1634.54  470076.76
        20    1958.65    1641.35  468435.42
        21    1951.81    1648.19  466787.23
        22    1944.95    1655.05  465132.18
        23    1938.05    1661.95  463470.23
        24    1931.13    1668.87  461801.35
        25    1924.17    1675.83  460125.53
        26    1917.19    1682.81  458442.72
        27    1910.18    1689.82  456752.89
        28    1903.14    1696.86  455056.03
        29    1896.07    1703.93  453352.10
        30    1888.97    1711.03  451641.06
        31    1881.84    1718.16  449922.90
        32    1874.68    1725.32  448197.58
        33    1867.49    1732.51  446465.07
        34    1860.27    1739.73  444725.34
        35    1853.02    1746.98  442978.36
        36    1845.74    1754.26  441224.11
        37    1838.43    1761.57  439462.54
        38    1831.09    1768.91  437693.64
        39    1823.72    1776.28  435917.36
        40    1816.32    1783.68  434133.68
        41    1808.89    1791.11  432342.57
        42    1801.43    1798.57  430544.00
        43    1793.93    1806.07  428737.93
        44    1786.41    1813.59  426924.34
        45    1778.85    1821.15  425103.19
        46    1771.26    1828.74  423274.46
        47    1763.64    1836.36  421438.10
        48    1755.99    1844.01  419594.09
        49    1748.31    1851.69  417742.40
        50    1740.59    1859.41  415882.99
        51    1732.85    1867.15  414015.84
        52    1725.07    1874.93  412140.90
        53    1717.25    1882.75  410258.16
        54    1709.41    1890.59  408367.57
        55    1701.53    1898.47  406469.10
        56    1693.62    1906.38  404562.72
        57    1685.68    1914.32  402648.40
        58    1677.70    1922.30  400726.10
        59    1669.69    1930.31  398795.79
        60    1661.65    1938.35  396857.44
        61    1653.57     946.43  395911.01
        62    1649.63     950.37  394960.64
        63    1645.67     954.33  394006.31
        64    1641.69     958.31  393048.01
        65    1637.70     962.30  392085.71
        66    1633.69     966.31  391119.40
        67    1629.66     970.34  390149.06
        68    1625.62     974.38  389174.68
        69    1621.56     978.44  388196.24
        70    1617.48     982.52  387213.73
        71    1613.39     986.61  386227.12
        72    1609.28     990.72  385236.40
        73    1605.15     994.85  384241.55
        74    1601.01     998.99  383242.55
        75    1596.84    1003.16  382239.40
        76    1592.66    1007.34  381232.06
        77    1588.47    1011.53  380220.53
        78    1584.25    1015.75  379204.78
        79    1580.02    1019.98  378184.80
        80    1575.77    1024.23  377160.57
        81    1571.50    1028.50  376132.07
        82    1567.22    1032.78  375099.29
        83    1562.91    1037.09  374062.21
        84    1558.59    1041.41  373020.80
        85    1554.25    1045.75  371975.05
        86    1549.90    1050.10  370924.95
        87    1545.52    1054.48  369870.47
        88    1541.13    1058.87  368811.59
        89    1536.71    1063.29  367748.31
        90    1532.28    1067.72  366680.59
        91    1527.84    1072.16  365608.43
        92    1523.37    1076.63  364531.80
        93    1518.88    1081.12  363450.68
        94    1514.38    1085.62  362365.06
        95    1509.85    1090.15  361274.91
        96    1505.31    1094.69  360180.23
        97    1500.75    1099.25  359080.98
        98    1496.17    1103.83  357977.15
        99    1491.57    1108.43  356868.72
       100    1486.95    1113.05  355755.67
       101    1482.32    1117.68  354637.99
       102    1477.66    1122.34  353515.64
       103    1472.98    1127.02  352388.63
       104    1468.29    1131.71  351256.91
       105    1463.57    1136.43  350120.48
       106    1458.84    1141.16  348979.32
       107    1454.08    1145.92  347833.40
       108    1449.31    1150.69  346682.70
       109    1444.51    1155.49  345527.22
       110    1439.70    1160.30  344366.91
       111    1434.86    1165.14  343201.77
       112    1430.01    1169.99  342031.78
       113    1425.13    1174.87  340856.91
       114    1420.24    1179.76  339677.15
       115    1415.32    1184.68  338492.47
       116    1410.39    1189.61  337302.86
       117    1405.43    1194.57  336108.29
       118    1400.45    1199.55  334908.74
       119    1395.45    1204.55  333704.19
       120    1390.43    1209.57  332494.63
       121    1385.39    1214.61  331280.02
       122    1380.33    1219.67  330060.35
       123    1375.25    1224.75  328835.60
       124    1370.15    1229.85  327605.75
       125    1365.02    1234.98  326370.78
       126    1359.88    1240.12  325130.66
       127    1354.71    1245.29  323885.37
       128    1349.52    1250.48  322634.89
       129    1344.31    1255.69  321379.20
       130    1339.08    1260.92  320118.28
       131    1333.83    1266.17  318852.11
       132    1328.55    1271.45  317580.66
       133    1323.25    1276.75  316303.91
       134    1317.93    1282.07  315021.84
       135    1312.59    1287.41  313734.43
       136    1307.23    1292.77  312441.66
       137    1301.84    1298.16  311143.50
       138    1296.43    1303.57  309839.93
       139    1291.00    1309.00  308530.93
       140    1285.55    1314.45  307216.48
       141    1280.07    1319.93  305896.55
       142    1274.57    1325.43  304571.12
       143    1269.05    1330.95  303240.16
       144    1263.50    1336.50  301903.66
       145    1257.93    1342.07  300561.59
       146    1252.34    1347.66  299213.93
       147    1246.72    1353.28  297860.66
       148    1241.09    1358.91  296501.75
       149    1235.42    1364.58  295137.17
       150    1229.74    1370.26  293766.91
       151    1224.03    1375.97  292390.94
       152    1218.30    1381.70  291009.23
       153    1212.54    1387.46  289621.77
       154    1206.76    1393.24  288228.53
       155    1200.95    1399.05  286829.48
       156    1195.12    1404.88  285424.60
       157    1189.27    1410.73  284013.87
       158    1183.39    1416.61  282597.26
       159    1177.49    1422.51  281174.75
       160    1171.56    1428.44  279746.31
       161    1165.61    1434.39  278311.92
       162    1159.63    1440.37  276871.56
       163    1153.63    1446.37  275425.19
       164    1147.60    1452.40  273972.79
       165    1141.55    1458.45  272514.35
       166    1135.48    1464.52  271049.82
       167    1129.37    1470.63  269579.20
       168    1123.25    1476.75  268102.44
       169    1117.09    1482.91  266619.54
       170    1110.91    1489.09  265130.45
       171    1104.71    1495.29  263635.16
       172    1098.48    1501.52  262133.64
       173    1092.22    1507.78  260625.86
       174    1085.94    1514.06  259111.81
       175    1079.63    1520.37  257591.44
       176    1073.30    1526.70  256064.74
       177    1066.94    1533.06  254531.67
       178    1060.55    1539.45  252992.22
       179    1054.13    1545.87  251446.35
       180    1047.69    1552.31  249894.05
       181    1041.23    1558.77  248335.27
       182    1034.73    1565.27  246770.00
       183    1028.21    1571.79  245198.21
       184    1021.66    1578.34  243619.87
       185    1015.08    1584.92  242034.95
       186    1008.48    1591.52  240443.43
       187    1001.85    1598.15  238845.28
       188     995.19    1604.81  237240.47
       189     988.50    1611.50  235628.97
       190     981.79    1618.21  234010.76
       191     975.04    1624.96  232385.80
       192     968.27    1631.73  230754.08
       193     961.48    1638.52  229115.55
       194     954.65    1645.35  227470.20
       195     947.79    1652.21  225817.99
       196     940.91    1659.09  224158.90
       197     934.00    1666.00  222492.90
       198     927.05    1672.95  220819.95
       199     920.08    1679.92  219140.03
       200     913.08    1686.92  217453.12
       201     906.05    1693.95  215759.17
       202     899.00    1701.00  214058.17
       203     891.91    1708.09  212350.08
       204     884.79    1715.21  210634.87
       205     877.65    1722.35  208912.52
       206     870.47    1729.53  207182.98
       207     863.26    1736.74  205446.25
       208     856.03    1743.97  203702.27
       209     848.76    1751.24  201951.03
       210     841.46    1758.54  200192.49
       211     834.14    1765.86  198426.63
       212     826.78    1773.22  196653.41
       213     819.39    1780.61  194872.80
       214     811.97    1788.03  193084.77
       215     804.52    1795.48  191289.29
       216     797.04    1802.96  189486.33
       217     789.53    1810.47  187675.85
       218     781.98    1818.02  185857.83
       219     774.41    1825.59  184032.24
       220     766.80    1833.20  182199.04
       221     759.16    1840.84  180358.21
       222     751.49    1848.51  178509.70
       223     743.79    1856.21  176653.49
       224     736.06    1863.94  174789.54
       225     728.29    1871.71  172917.83
       226     720.49    1879.51  171038.33
       227     712.66    1887.34  169150.99
       228     704.80    1895.20  167255.78
       229     696.90    1903.10  165352.68
       230     688.97    1911.03  163441.65
       231     681.01    1918.99  161522.66
       232     673.01    1926.99  159595.67
       233     664.98    1935.02  157660.65
       234     656.92    1943.08  155717.57
       235     648.82    1951.18  153766.39
       236     640.69    1959.31  151807.09
       237     632.53    1967.47  149839.61
       238     624.33    1975.67  147863.95
       239     616.10    1983.90  145880.05
       240     607.83    1992.17  143887.88
       241     599.53    2000.47  141887.41
       242     591.20    2008.80  139878.61
       243     582.83    2017.17  137861.44
       244     574.42    2025.58  135835.86
       245     565.98    2034.02  133801.84
       246     557.51    2042.49  131759.35
       247     549.00    2051.00  129708.35
       248     540.45    2059.55  127648.80
       249     531.87    2068.13  125580.67
       250     523.25    2076.75  123503.92
       251     514.60    2085.40  121418.52
       252     505.91    2094.09  119324.43
       253     497.19    2102.81  117221.62
       254     488.42    2111.58  115110.04
       255     479.63    2120.37  112989.67
       256     470.79    2129.21  110860.46
       257     461.92    2138.08  108722.38
       258     453.01    2146.99  106575.39
       259     444.06    2155.94  104419.45
       260     435.08    2164.92  102254.53
       261     426.06    2173.94  100080.59
       262     417.00    2183.00   97897.59
       263     407.91    2192.09   95705.50
       264     398.77    2201.23   93504.27
       265     389.60    2210.40   91293.87
       266     380.39    2219.61   89074.27
       267     371.14    2228.86   86845.41
       268     361.86    2238.14   84607.26
       269     352.53    2247.47   82359.79
       270     343.17    2256.83   80102.96
       271     333.76    2266.24   77836.72
       272     324.32    2275.68   75561.04
       273     314.84    2285.16   73275.88
       274     305.32    2294.68   70981.20
       275     295.75    2304.25   68676.95
       276     286.15    2313.85   66363.10
       277     276.51    2323.49   64039.62
       278     266.83    2333.17   61706.45
       279     257.11    2342.89   59363.56
       280     247.35    2352.65   57010.91
       281     237.55    2362.45   54648.45
       282     227.70    2372.30   52276.15
       283     217.82    2382.18   49893.97
       284     207.89    2392.11   47501.86
       285     197.92    2402.08   45099.79
       286     187.92    2412.08   42687.70
       287     177.87    2422.13   40265.57
       288     167.77    2432.23   37833.34
       289     157.64    2442.36   35390.98
       290     147.46    2452.54   32938.44
       291     137.24    2462.76   30475.69
       292     126.98    2473.02   28002.67
       293     116.68    2483.32   25519.35
       294     106.33    2493.67   23025.68
       295      95.94    2504.06   20521.62
       296      85.51    2514.49   18007.13
       297      75.03    2524.97   15482.15
       298      64.51    2535.49   12946.66
       299      53.94    2546.06   10400.61
       300      43.34    2556.66    7843.94
       301      32.68    2567.32    5276.63
       302      21.99    2578.01    2698.61
       303      11.24    2588.76     109.86
       304       0.46    2599.54   -2489.69
Total Paid :  850400.0
